ObjectType = Image
NDims = 3
AnatomicalOrientation = RAI
BinaryData = True
CompressedData = False
DimSize = 0 0 2870
ElementSpacing = 1 1 1
Offset = 0 0 0
TransformMatrix = 1 0 0 0 1 0 0 0 1
ElementType = MET_UCHAR
Kinds = domain domain list
Seq_Frame0000_Sequence_1Transform =0.558927 0.700714 -0.443396 15.4734 -0.825466 0.419371 -0.377803 26.38 -0.0787849 0.577172 0.812813 2.68801 0 0 0 1 
Seq_Frame0000_Sequence_1TransformStatus = OK
Seq_Frame0000_Timestamp = 0.0209999
Seq_Frame0001_Sequence_1Transform =0.558927 0.700714 -0.443396 15.4734 -0.825466 0.419371 -0.377803 26.38 -0.0787849 0.577172 0.812813 2.68801 0 0 0 1 
Seq_Frame0001_Sequence_1TransformStatus = OK
Seq_Frame0001_Timestamp = 0.056
Seq_Frame0002_Sequence_1Transform =0.558927 0.700714 -0.443396 15.4734 -0.825466 0.419371 -0.377803 26.38 -0.0787849 0.577172 0.812813 2.68801 0 0 0 1 
Seq_Frame0002_Sequence_1TransformStatus = OK
Seq_Frame0002_Timestamp = 0.0829999
Seq_Frame0003_Sequence_1Transform =0.558927 0.700714 -0.443396 15.4734 -0.825466 0.419371 -0.377803 26.38 -0.0787849 0.577172 0.812813 2.68801 0 0 0 1 
Seq_Frame0003_Sequence_1TransformStatus = OK
Seq_Frame0003_Timestamp = 0.107
Seq_Frame0004_Sequence_1Transform =0.558927 0.700714 -0.443396 15.4734 -0.825466 0.419371 -0.377803 26.38 -0.0787849 0.577172 0.812813 2.68801 0 0 0 1 
Seq_Frame0004_Sequence_1TransformStatus = OK
Seq_Frame0004_Timestamp = 0.155
Seq_Frame0005_Sequence_1Transform =0.558927 0.700714 -0.443396 15.4734 -0.825466 0.419371 -0.377803 26.38 -0.0787849 0.577172 0.812813 2.68801 0 0 0 1 
Seq_Frame0005_Sequence_1TransformStatus = OK
Seq_Frame0005_Timestamp = 0.183
Seq_Frame0006_Sequence_1Transform =0.558927 0.700714 -0.443396 15.4734 -0.825466 0.419371 -0.377803 26.38 -0.0787849 0.577172 0.812813 2.68801 0 0 0 1 
Seq_Frame0006_Sequence_1TransformStatus = OK
Seq_Frame0006_Timestamp = 0.206
Seq_Frame0007_Sequence_1Transform =0.558927 0.700714 -0.443396 15.4734 -0.825466 0.419371 -0.377803 26.38 -0.0787849 0.577172 0.812813 2.68801 0 0 0 1 
Seq_Frame0007_Sequence_1TransformStatus = OK
Seq_Frame0007_Timestamp = 0.256
Seq_Frame0008_Sequence_1Transform =0.558927 0.700714 -0.443396 15.4734 -0.825466 0.419371 -0.377803 26.38 -0.0787849 0.577172 0.812813 2.68801 0 0 0 1 
Seq_Frame0008_Sequence_1TransformStatus = OK
Seq_Frame0008_Timestamp = 0.283
Seq_Frame0009_Sequence_1Transform =0.558927 0.700714 -0.443396 15.4734 -0.825466 0.419371 -0.377803 26.38 -0.0787849 0.577172 0.812813 2.68801 0 0 0 1 
Seq_Frame0009_Sequence_1TransformStatus = OK
Seq_Frame0009_Timestamp = 0.31
Seq_Frame0010_Sequence_1Transform =0.558927 0.700714 -0.443396 15.4734 -0.825466 0.419371 -0.377803 26.38 -0.0787849 0.577172 0.812813 2.68801 0 0 0 1 
Seq_Frame0010_Sequence_1TransformStatus = OK
Seq_Frame0010_Timestamp = 0.357
Seq_Frame0011_Sequence_1Transform =0.558927 0.700714 -0.443396 15.4734 -0.825466 0.419371 -0.377803 26.38 -0.0787849 0.577172 0.812813 2.68801 0 0 0 1 
Seq_Frame0011_Sequence_1TransformStatus = OK
Seq_Frame0011_Timestamp = 0.384
Seq_Frame0012_Sequence_1Transform =0.558927 0.700714 -0.443396 15.4734 -0.825466 0.419371 -0.377803 26.38 -0.0787849 0.577172 0.812813 2.68801 0 0 0 1 
Seq_Frame0012_Sequence_1TransformStatus = OK
Seq_Frame0012_Timestamp = 0.406
Seq_Frame0013_Sequence_1Transform =0.558927 0.700714 -0.443396 15.4734 -0.825466 0.419371 -0.377803 26.38 -0.0787849 0.577172 0.812813 2.68801 0 0 0 1 
Seq_Frame0013_Sequence_1TransformStatus = OK
Seq_Frame0013_Timestamp = 0.456
Seq_Frame0014_Sequence_1Transform =0.558927 0.700714 -0.443396 15.4734 -0.825466 0.419371 -0.377803 26.38 -0.0787849 0.577172 0.812813 2.68801 0 0 0 1 
Seq_Frame0014_Sequence_1TransformStatus = OK
Seq_Frame0014_Timestamp = 0.483
Seq_Frame0015_Sequence_1Transform =0.558927 0.700714 -0.443396 15.4734 -0.825466 0.419371 -0.377803 26.38 -0.0787849 0.577172 0.812813 2.68801 0 0 0 1 
Seq_Frame0015_Sequence_1TransformStatus = OK
Seq_Frame0015_Timestamp = 0.506
Seq_Frame0016_Sequence_1Transform =0.558927 0.700714 -0.443396 15.4734 -0.825466 0.419371 -0.377803 26.38 -0.0787849 0.577172 0.812813 2.68801 0 0 0 1 
Seq_Frame0016_Sequence_1TransformStatus = OK
Seq_Frame0016_Timestamp = 0.557
Seq_Frame0017_Sequence_1Transform =0.558927 0.700714 -0.443396 15.4734 -0.825466 0.419371 -0.377803 26.38 -0.0787849 0.577172 0.812813 2.68801 0 0 0 1 
Seq_Frame0017_Sequence_1TransformStatus = OK
Seq_Frame0017_Timestamp = 0.583
Seq_Frame0018_Sequence_1Transform =0.558927 0.700714 -0.443396 15.4734 -0.825466 0.419371 -0.377803 26.38 -0.0787849 0.577172 0.812813 2.68801 0 0 0 1 
Seq_Frame0018_Sequence_1TransformStatus = OK
Seq_Frame0018_Timestamp = 0.609
Seq_Frame0019_Sequence_1Transform =0.558927 0.700714 -0.443396 15.4734 -0.825466 0.419371 -0.377803 26.38 -0.0787849 0.577172 0.812813 2.68801 0 0 0 1 
Seq_Frame0019_Sequence_1TransformStatus = OK
Seq_Frame0019_Timestamp = 0.656
Seq_Frame0020_Sequence_1Transform =0.558927 0.700714 -0.443396 15.4734 -0.825466 0.419371 -0.377803 26.38 -0.0787849 0.577172 0.812813 2.68801 0 0 0 1 
Seq_Frame0020_Sequence_1TransformStatus = OK
Seq_Frame0020_Timestamp = 0.683
Seq_Frame0021_Sequence_1Transform =0.558927 0.700714 -0.443396 15.4734 -0.825466 0.419371 -0.377803 26.38 -0.0787849 0.577172 0.812813 2.68801 0 0 0 1 
Seq_Frame0021_Sequence_1TransformStatus = OK
Seq_Frame0021_Timestamp = 0.706
Seq_Frame0022_Sequence_1Transform =0.558927 0.700714 -0.443396 15.4734 -0.825466 0.419371 -0.377803 26.38 -0.0787849 0.577172 0.812813 2.68801 0 0 0 1 
Seq_Frame0022_Sequence_1TransformStatus = OK
Seq_Frame0022_Timestamp = 0.756
Seq_Frame0023_Sequence_1Transform =0.558927 0.700714 -0.443396 15.4734 -0.825466 0.419371 -0.377803 26.38 -0.0787849 0.577172 0.812813 2.68801 0 0 0 1 
Seq_Frame0023_Sequence_1TransformStatus = OK
Seq_Frame0023_Timestamp = 0.783
Seq_Frame0024_Sequence_1Transform =0.558927 0.700714 -0.443396 15.4734 -0.825466 0.419371 -0.377803 26.38 -0.0787849 0.577172 0.812813 2.68801 0 0 0 1 
Seq_Frame0024_Sequence_1TransformStatus = OK
Seq_Frame0024_Timestamp = 0.817
Seq_Frame0025_Sequence_1Transform =0.558927 0.700714 -0.443396 15.4734 -0.825466 0.419371 -0.377803 26.38 -0.0787849 0.577172 0.812813 2.68801 0 0 0 1 
Seq_Frame0025_Sequence_1TransformStatus = OK
Seq_Frame0025_Timestamp = 0.858
Seq_Frame0026_Sequence_1Transform =0.558927 0.700714 -0.443396 15.4734 -0.825466 0.419371 -0.377803 26.38 -0.0787849 0.577172 0.812813 2.68801 0 0 0 1 
Seq_Frame0026_Sequence_1TransformStatus = OK
Seq_Frame0026_Timestamp = 0.872
Seq_Frame0027_Sequence_1Transform =0.558927 0.700714 -0.443396 15.4734 -0.825466 0.419371 -0.377803 26.38 -0.0787849 0.577172 0.812813 2.68801 0 0 0 1 
Seq_Frame0027_Sequence_1TransformStatus = OK
Seq_Frame0027_Timestamp = 0.91
Seq_Frame0028_Sequence_1Transform =0.558927 0.700714 -0.443396 15.4734 -0.825466 0.419371 -0.377803 26.38 -0.0787849 0.577172 0.812813 2.68801 0 0 0 1 
Seq_Frame0028_Sequence_1TransformStatus = OK
Seq_Frame0028_Timestamp = 0.956
Seq_Frame0029_Sequence_1Transform =0.558927 0.700714 -0.443396 15.4734 -0.825466 0.419371 -0.377803 26.38 -0.0787849 0.577172 0.812813 2.68801 0 0 0 1 
Seq_Frame0029_Sequence_1TransformStatus = OK
Seq_Frame0029_Timestamp = 0.983
Seq_Frame0030_Sequence_1Transform =0.558927 0.700714 -0.443396 15.4734 -0.825466 0.419371 -0.377803 26.38 -0.0787849 0.577172 0.812813 2.68801 0 0 0 1 
Seq_Frame0030_Sequence_1TransformStatus = OK
Seq_Frame0030_Timestamp = 0.985
Seq_Frame0031_Sequence_1Transform =0.558927 0.700714 -0.443396 15.4734 -0.825466 0.419371 -0.377803 26.38 -0.0787849 0.577172 0.812813 2.68801 0 0 0 1 
Seq_Frame0031_Sequence_1TransformStatus = OK
Seq_Frame0031_Timestamp = 1.007
Seq_Frame0032_Sequence_1Transform =0.558927 0.700714 -0.443396 15.4734 -0.825466 0.419371 -0.377803 26.38 -0.0787849 0.577172 0.812813 2.68801 0 0 0 1 
Seq_Frame0032_Sequence_1TransformStatus = OK
Seq_Frame0032_Timestamp = 1.008
Seq_Frame0033_Sequence_1Transform =0.558927 0.700714 -0.443396 15.4734 -0.825466 0.419371 -0.377803 26.38 -0.0787849 0.577172 0.812813 2.68801 0 0 0 1 
Seq_Frame0033_Sequence_1TransformStatus = OK
Seq_Frame0033_Timestamp = 1.042
Seq_Frame0034_Sequence_1Transform =0.558927 0.700714 -0.443396 15.4734 -0.825466 0.419371 -0.377803 26.38 -0.0787849 0.577172 0.812813 2.68801 0 0 0 1 
Seq_Frame0034_Sequence_1TransformStatus = OK
Seq_Frame0034_Timestamp = 1.09
Seq_Frame0035_Sequence_1Transform =0.558927 0.700714 -0.443396 15.4734 -0.825466 0.419371 -0.377803 26.38 -0.0787849 0.577172 0.812813 2.68801 0 0 0 1 
Seq_Frame0035_Sequence_1TransformStatus = OK
Seq_Frame0035_Timestamp = 1.118
Seq_Frame0036_Sequence_1Transform =0.558927 0.700714 -0.443396 15.4734 -0.825466 0.419371 -0.377803 26.38 -0.0787849 0.577172 0.812813 2.68801 0 0 0 1 
Seq_Frame0036_Sequence_1TransformStatus = OK
Seq_Frame0036_Timestamp = 1.141
Seq_Frame0037_Sequence_1Transform =0.558927 0.700714 -0.443396 15.4734 -0.825466 0.419371 -0.377803 26.38 -0.0787849 0.577172 0.812813 2.68801 0 0 0 1 
Seq_Frame0037_Sequence_1TransformStatus = OK
Seq_Frame0037_Timestamp = 1.186
Seq_Frame0038_Sequence_1Transform =0.558927 0.700714 -0.443396 15.4734 -0.825466 0.419371 -0.377803 26.38 -0.0787849 0.577172 0.812813 2.68801 0 0 0 1 
Seq_Frame0038_Sequence_1TransformStatus = OK
Seq_Frame0038_Timestamp = 1.187
Seq_Frame0039_Sequence_1Transform =0.558927 0.700714 -0.443396 15.4734 -0.825466 0.419371 -0.377803 26.38 -0.0787849 0.577172 0.812813 2.68801 0 0 0 1 
Seq_Frame0039_Sequence_1TransformStatus = OK
Seq_Frame0039_Timestamp = 1.211
Seq_Frame0040_Sequence_1Transform =0.558927 0.700714 -0.443396 15.4734 -0.825466 0.419371 -0.377803 26.38 -0.0787849 0.577172 0.812813 2.68801 0 0 0 1 
Seq_Frame0040_Sequence_1TransformStatus = OK
Seq_Frame0040_Timestamp = 1.254
Seq_Frame0041_Sequence_1Transform =0.558927 0.700714 -0.443396 15.4734 -0.825466 0.419371 -0.377803 26.38 -0.0787849 0.577172 0.812813 2.68801 0 0 0 1 
Seq_Frame0041_Sequence_1TransformStatus = OK
Seq_Frame0041_Timestamp = 1.283
Seq_Frame0042_Sequence_1Transform =0.558927 0.700714 -0.443396 15.4734 -0.825466 0.419371 -0.377803 26.38 -0.0787849 0.577172 0.812813 2.68801 0 0 0 1 
Seq_Frame0042_Sequence_1TransformStatus = OK
Seq_Frame0042_Timestamp = 1.284
Seq_Frame0043_Sequence_1Transform =0.558927 0.700714 -0.443396 15.4734 -0.825466 0.419371 -0.377803 26.38 -0.0787849 0.577172 0.812813 2.68801 0 0 0 1 
Seq_Frame0043_Sequence_1TransformStatus = OK
Seq_Frame0043_Timestamp = 1.317
Seq_Frame0044_Sequence_1Transform =0.558927 0.700714 -0.443396 15.4734 -0.825466 0.419371 -0.377803 26.38 -0.0787849 0.577172 0.812813 2.68801 0 0 0 1 
Seq_Frame0044_Sequence_1TransformStatus = OK
Seq_Frame0044_Timestamp = 1.318
Seq_Frame0045_Sequence_1Transform =0.558927 0.700714 -0.443396 15.4734 -0.825466 0.419371 -0.377803 26.38 -0.0787849 0.577172 0.812813 2.68801 0 0 0 1 
Seq_Frame0045_Sequence_1TransformStatus = OK
Seq_Frame0045_Timestamp = 1.357
Seq_Frame0046_Sequence_1Transform =0.558927 0.700714 -0.443396 15.4734 -0.825466 0.419371 -0.377803 26.38 -0.0787849 0.577172 0.812813 2.68801 0 0 0 1 
Seq_Frame0046_Sequence_1TransformStatus = OK
Seq_Frame0046_Timestamp = 1.358
Seq_Frame0047_Sequence_1Transform =0.558927 0.700714 -0.443396 15.4734 -0.825466 0.419371 -0.377803 26.38 -0.0787849 0.577172 0.812813 2.68801 0 0 0 1 
Seq_Frame0047_Sequence_1TransformStatus = OK
Seq_Frame0047_Timestamp = 1.39
Seq_Frame0048_Sequence_1Transform =0.558927 0.700714 -0.443396 15.4734 -0.825466 0.419371 -0.377803 26.38 -0.0787849 0.577172 0.812813 2.68801 0 0 0 1 
Seq_Frame0048_Sequence_1TransformStatus = OK
Seq_Frame0048_Timestamp = 1.391
Seq_Frame0049_Sequence_1Transform =0.558927 0.700714 -0.443396 15.4734 -0.825466 0.419371 -0.377803 26.38 -0.0787849 0.577172 0.812813 2.68801 0 0 0 1 
Seq_Frame0049_Sequence_1TransformStatus = OK
Seq_Frame0049_Timestamp = 1.417
Seq_Frame0050_Sequence_1Transform =0.558927 0.700714 -0.443396 15.4734 -0.825466 0.419371 -0.377803 26.38 -0.0787849 0.577172 0.812813 2.68801 0 0 0 1 
Seq_Frame0050_Sequence_1TransformStatus = OK
Seq_Frame0050_Timestamp = 1.451
Seq_Frame0051_Sequence_1Transform =0.558927 0.700714 -0.443396 15.4734 -0.825466 0.419371 -0.377803 26.38 -0.0787849 0.577172 0.812813 2.68801 0 0 0 1 
Seq_Frame0051_Sequence_1TransformStatus = OK
Seq_Frame0051_Timestamp = 1.491
Seq_Frame0052_Sequence_1Transform =0.558927 0.700714 -0.443396 15.4734 -0.825466 0.419371 -0.377803 26.38 -0.0787849 0.577172 0.812813 2.68801 0 0 0 1 
Seq_Frame0052_Sequence_1TransformStatus = OK
Seq_Frame0052_Timestamp = 1.523
Seq_Frame0053_Sequence_1Transform =0.558927 0.700714 -0.443396 15.4734 -0.825466 0.419371 -0.377803 26.38 -0.0787849 0.577172 0.812813 2.68801 0 0 0 1 
Seq_Frame0053_Sequence_1TransformStatus = OK
Seq_Frame0053_Timestamp = 1.524
Seq_Frame0054_Sequence_1Transform =0.558927 0.700714 -0.443396 15.4734 -0.825466 0.419371 -0.377803 26.38 -0.0787849 0.577172 0.812813 2.68801 0 0 0 1 
Seq_Frame0054_Sequence_1TransformStatus = OK
Seq_Frame0054_Timestamp = 1.55
Seq_Frame0055_Sequence_1Transform =0.558927 0.700714 -0.443396 15.4734 -0.825466 0.419371 -0.377803 26.38 -0.0787849 0.577172 0.812813 2.68801 0 0 0 1 
Seq_Frame0055_Sequence_1TransformStatus = OK
Seq_Frame0055_Timestamp = 1.579
Seq_Frame0056_Sequence_1Transform =0.558927 0.700714 -0.443396 15.4734 -0.825466 0.419371 -0.377803 26.38 -0.0787849 0.577172 0.812813 2.68801 0 0 0 1 
Seq_Frame0056_Sequence_1TransformStatus = OK
Seq_Frame0056_Timestamp = 1.58
Seq_Frame0057_Sequence_1Transform =0.558927 0.700714 -0.443396 15.4734 -0.825466 0.419371 -0.377803 26.38 -0.0787849 0.577172 0.812813 2.68801 0 0 0 1 
Seq_Frame0057_Sequence_1TransformStatus = OK
Seq_Frame0057_Timestamp = 1.625
Seq_Frame0058_Sequence_1Transform =0.558927 0.700714 -0.443396 15.4734 -0.825466 0.419371 -0.377803 26.38 -0.0787849 0.577172 0.812813 2.68801 0 0 0 1 
Seq_Frame0058_Sequence_1TransformStatus = OK
Seq_Frame0058_Timestamp = 1.651
Seq_Frame0059_Sequence_1Transform =0.558927 0.700714 -0.443396 15.4734 -0.825466 0.419371 -0.377803 26.38 -0.0787849 0.577172 0.812813 2.68801 0 0 0 1 
Seq_Frame0059_Sequence_1TransformStatus = OK
Seq_Frame0059_Timestamp = 1.684
Seq_Frame0060_Sequence_1Transform =0.558927 0.700714 -0.443396 15.4734 -0.825466 0.419371 -0.377803 26.38 -0.0787849 0.577172 0.812813 2.68801 0 0 0 1 
Seq_Frame0060_Sequence_1TransformStatus = OK
Seq_Frame0060_Timestamp = 1.685
Seq_Frame0061_Sequence_1Transform =0.558927 0.700714 -0.443396 15.4734 -0.825466 0.419371 -0.377803 26.38 -0.0787849 0.577172 0.812813 2.68801 0 0 0 1 
Seq_Frame0061_Sequence_1TransformStatus = OK
Seq_Frame0061_Timestamp = 1.72
Seq_Frame0062_Sequence_1Transform =0.558927 0.700714 -0.443396 15.4734 -0.825466 0.419371 -0.377803 26.38 -0.0787849 0.577172 0.812813 2.68801 0 0 0 1 
Seq_Frame0062_Sequence_1TransformStatus = OK
Seq_Frame0062_Timestamp = 1.721
Seq_Frame0063_Sequence_1Transform =0.558927 0.700714 -0.443396 15.4734 -0.825466 0.419371 -0.377803 26.38 -0.0787849 0.577172 0.812813 2.68801 0 0 0 1 
Seq_Frame0063_Sequence_1TransformStatus = OK
Seq_Frame0063_Timestamp = 1.754
Seq_Frame0064_Sequence_1Transform =0.558927 0.700714 -0.443396 15.4734 -0.825466 0.419371 -0.377803 26.38 -0.0787849 0.577172 0.812813 2.68801 0 0 0 1 
Seq_Frame0064_Sequence_1TransformStatus = OK
Seq_Frame0064_Timestamp = 1.803
Seq_Frame0065_Sequence_1Transform =0.558927 0.700714 -0.443396 15.4734 -0.825466 0.419371 -0.377803 26.38 -0.0787849 0.577172 0.812813 2.68801 0 0 0 1 
Seq_Frame0065_Sequence_1TransformStatus = OK
Seq_Frame0065_Timestamp = 1.804
Seq_Frame0066_Sequence_1Transform =0.558927 0.700714 -0.443396 15.4734 -0.825466 0.419371 -0.377803 26.38 -0.0787849 0.577172 0.812813 2.68801 0 0 0 1 
Seq_Frame0066_Sequence_1TransformStatus = OK
Seq_Frame0066_Timestamp = 1.818
Seq_Frame0067_Sequence_1Transform =0.558927 0.700714 -0.443396 15.4734 -0.825466 0.419371 -0.377803 26.38 -0.0787849 0.577172 0.812813 2.68801 0 0 0 1 
Seq_Frame0067_Sequence_1TransformStatus = OK
Seq_Frame0067_Timestamp = 1.856
Seq_Frame0068_Sequence_1Transform =0.558927 0.700714 -0.443396 15.4734 -0.825466 0.419371 -0.377803 26.38 -0.0787849 0.577172 0.812813 2.68801 0 0 0 1 
Seq_Frame0068_Sequence_1TransformStatus = OK
Seq_Frame0068_Timestamp = 1.891
Seq_Frame0069_Sequence_1Transform =0.558927 0.700714 -0.443396 15.4734 -0.825466 0.419371 -0.377803 26.38 -0.0787849 0.577172 0.812813 2.68801 0 0 0 1 
Seq_Frame0069_Sequence_1TransformStatus = OK
Seq_Frame0069_Timestamp = 1.917
Seq_Frame0070_Sequence_1Transform =0.558927 0.700714 -0.443396 15.4734 -0.825466 0.419371 -0.377803 26.38 -0.0787849 0.577172 0.812813 2.68801 0 0 0 1 
Seq_Frame0070_Sequence_1TransformStatus = OK
Seq_Frame0070_Timestamp = 1.945
Seq_Frame0071_Sequence_1Transform =0.558927 0.700714 -0.443396 15.4734 -0.825466 0.419371 -0.377803 26.38 -0.0787849 0.577172 0.812813 2.68801 0 0 0 1 
Seq_Frame0071_Sequence_1TransformStatus = OK
Seq_Frame0071_Timestamp = 1.991
Seq_Frame0072_Sequence_1Transform =0.558927 0.700714 -0.443396 15.4734 -0.825466 0.419371 -0.377803 26.38 -0.0787849 0.577172 0.812813 2.68801 0 0 0 1 
Seq_Frame0072_Sequence_1TransformStatus = OK
Seq_Frame0072_Timestamp = 2.017
Seq_Frame0073_Sequence_1Transform =0.558927 0.700714 -0.443396 15.4734 -0.825466 0.419371 -0.377803 26.38 -0.0787849 0.577172 0.812813 2.68801 0 0 0 1 
Seq_Frame0073_Sequence_1TransformStatus = OK
Seq_Frame0073_Timestamp = 2.051
Seq_Frame0074_Sequence_1Transform =0.558927 0.700714 -0.443396 15.4734 -0.825466 0.419371 -0.377803 26.38 -0.0787849 0.577172 0.812813 2.68801 0 0 0 1 
Seq_Frame0074_Sequence_1TransformStatus = OK
Seq_Frame0074_Timestamp = 2.091
Seq_Frame0075_Sequence_1Transform =0.558927 0.700714 -0.443396 15.4734 -0.825466 0.419371 -0.377803 26.38 -0.0787849 0.577172 0.812813 2.68801 0 0 0 1 
Seq_Frame0075_Sequence_1TransformStatus = OK
Seq_Frame0075_Timestamp = 2.126
Seq_Frame0076_Sequence_1Transform =0.558927 0.700714 -0.443396 15.4734 -0.825466 0.419371 -0.377803 26.38 -0.0787849 0.577172 0.812813 2.68801 0 0 0 1 
Seq_Frame0076_Sequence_1TransformStatus = OK
Seq_Frame0076_Timestamp = 2.151
Seq_Frame0077_Sequence_1Transform =0.558927 0.700714 -0.443396 15.4734 -0.825466 0.419371 -0.377803 26.38 -0.0787849 0.577172 0.812813 2.68801 0 0 0 1 
Seq_Frame0077_Sequence_1TransformStatus = OK
Seq_Frame0077_Timestamp = 2.152
Seq_Frame0078_Sequence_1Transform =0.558927 0.700714 -0.443396 15.4734 -0.825466 0.419371 -0.377803 26.38 -0.0787849 0.577172 0.812813 2.68801 0 0 0 1 
Seq_Frame0078_Sequence_1TransformStatus = OK
Seq_Frame0078_Timestamp = 2.185
Seq_Frame0079_Sequence_1Transform =0.558927 0.700714 -0.443396 15.4734 -0.825466 0.419371 -0.377803 26.38 -0.0787849 0.577172 0.812813 2.68801 0 0 0 1 
Seq_Frame0079_Sequence_1TransformStatus = OK
Seq_Frame0079_Timestamp = 2.221
Seq_Frame0080_Sequence_1Transform =0.558927 0.700714 -0.443396 15.4734 -0.825466 0.419371 -0.377803 26.38 -0.0787849 0.577172 0.812813 2.68801 0 0 0 1 
Seq_Frame0080_Sequence_1TransformStatus = OK
Seq_Frame0080_Timestamp = 2.256
Seq_Frame0081_Sequence_1Transform =0.558927 0.700714 -0.443396 15.4734 -0.825466 0.419371 -0.377803 26.38 -0.0787849 0.577172 0.812813 2.68801 0 0 0 1 
Seq_Frame0081_Sequence_1TransformStatus = OK
Seq_Frame0081_Timestamp = 2.257
Seq_Frame0082_Sequence_1Transform =0.558927 0.700714 -0.443396 15.4734 -0.825466 0.419371 -0.377803 26.38 -0.0787849 0.577172 0.812813 2.68801 0 0 0 1 
Seq_Frame0082_Sequence_1TransformStatus = OK
Seq_Frame0082_Timestamp = 2.284
Seq_Frame0083_Sequence_1Transform =0.558927 0.700714 -0.443396 15.4734 -0.825466 0.419371 -0.377803 26.38 -0.0787849 0.577172 0.812813 2.68801 0 0 0 1 
Seq_Frame0083_Sequence_1TransformStatus = OK
Seq_Frame0083_Timestamp = 2.285
Seq_Frame0084_Sequence_1Transform =0.558927 0.700714 -0.443396 15.4734 -0.825466 0.419371 -0.377803 26.38 -0.0787849 0.577172 0.812813 2.68801 0 0 0 1 
Seq_Frame0084_Sequence_1TransformStatus = OK
Seq_Frame0084_Timestamp = 2.318
Seq_Frame0085_Sequence_1Transform =0.478978 0.832013 -0.279884 41.9506 -0.875906 0.431903 -0.215056 25.7795 -0.0580465 0.348159 0.935636 -1.87161 0 0 0 1 
Seq_Frame0085_Sequence_1TransformStatus = OK
Seq_Frame0085_Timestamp = 2.358
Seq_Frame0086_Sequence_1Transform =0.478978 0.832013 -0.279884 41.9506 -0.875906 0.431903 -0.215056 25.7795 -0.0580465 0.348159 0.935636 -1.87161 0 0 0 1 
Seq_Frame0086_Sequence_1TransformStatus = OK
Seq_Frame0086_Timestamp = 2.391
Seq_Frame0087_Sequence_1Transform =0.478978 0.832013 -0.279884 41.9506 -0.875906 0.431903 -0.215056 25.7795 -0.0580465 0.348159 0.935636 -1.87161 0 0 0 1 
Seq_Frame0087_Sequence_1TransformStatus = OK
Seq_Frame0087_Timestamp = 2.418
Seq_Frame0088_Sequence_1Transform =0.478978 0.832013 -0.279884 41.9506 -0.875906 0.431903 -0.215056 25.7795 -0.0580465 0.348159 0.935636 -1.87161 0 0 0 1 
Seq_Frame0088_Sequence_1TransformStatus = OK
Seq_Frame0088_Timestamp = 2.452
Seq_Frame0089_Sequence_1Transform =0.39947 0.870417 -0.287747 54.1221 -0.909687 0.337485 -0.24202 25.5941 -0.113548 0.35844 0.926622 0.725559 0 0 0 1 
Seq_Frame0089_Sequence_1TransformStatus = OK
Seq_Frame0089_Timestamp = 2.494
Seq_Frame0090_Sequence_1Transform =0.39947 0.870417 -0.287747 54.1221 -0.909687 0.337485 -0.24202 25.5941 -0.113548 0.35844 0.926622 0.725559 0 0 0 1 
Seq_Frame0090_Sequence_1TransformStatus = OK
Seq_Frame0090_Timestamp = 2.525
Seq_Frame0091_Sequence_1Transform =0.39947 0.870417 -0.287747 54.1221 -0.909687 0.337485 -0.24202 25.5941 -0.113548 0.35844 0.926622 0.725559 0 0 0 1 
Seq_Frame0091_Sequence_1TransformStatus = OK
Seq_Frame0091_Timestamp = 2.551
Seq_Frame0092_Sequence_1Transform =0.39947 0.870417 -0.287747 54.1221 -0.909687 0.337485 -0.24202 25.5941 -0.113548 0.35844 0.926622 0.725559 0 0 0 1 
Seq_Frame0092_Sequence_1TransformStatus = OK
Seq_Frame0092_Timestamp = 2.585
Seq_Frame0093_Sequence_1Transform =0.39947 0.870417 -0.287747 54.1221 -0.909687 0.337485 -0.24202 25.5941 -0.113548 0.35844 0.926622 0.725559 0 0 0 1 
Seq_Frame0093_Sequence_1TransformStatus = OK
Seq_Frame0093_Timestamp = 2.622
Seq_Frame0094_Sequence_1Transform =0.39947 0.870417 -0.287747 54.1221 -0.909687 0.337485 -0.24202 25.5941 -0.113548 0.35844 0.926622 0.725559 0 0 0 1 
Seq_Frame0094_Sequence_1TransformStatus = OK
Seq_Frame0094_Timestamp = 2.623
Seq_Frame0095_Sequence_1Transform =0.39947 0.870417 -0.287747 54.1221 -0.909687 0.337485 -0.24202 25.5941 -0.113548 0.35844 0.926622 0.725559 0 0 0 1 
Seq_Frame0095_Sequence_1TransformStatus = OK
Seq_Frame0095_Timestamp = 2.654
Seq_Frame0096_Sequence_1Transform =0.39947 0.870417 -0.287747 54.1221 -0.909687 0.337485 -0.24202 25.5941 -0.113548 0.35844 0.926622 0.725559 0 0 0 1 
Seq_Frame0096_Sequence_1TransformStatus = OK
Seq_Frame0096_Timestamp = 2.685
Seq_Frame0097_Sequence_1Transform =0.39947 0.870417 -0.287747 54.1221 -0.909687 0.337485 -0.24202 25.5941 -0.113548 0.35844 0.926622 0.725559 0 0 0 1 
Seq_Frame0097_Sequence_1TransformStatus = OK
Seq_Frame0097_Timestamp = 2.718
Seq_Frame0098_Sequence_1Transform =0.39947 0.870417 -0.287747 54.1221 -0.909687 0.337485 -0.24202 25.5941 -0.113548 0.35844 0.926622 0.725559 0 0 0 1 
Seq_Frame0098_Sequence_1TransformStatus = OK
Seq_Frame0098_Timestamp = 2.757
Seq_Frame0099_Sequence_1Transform =0.39947 0.870417 -0.287747 54.1221 -0.909687 0.337485 -0.24202 25.5941 -0.113548 0.35844 0.926622 0.725559 0 0 0 1 
Seq_Frame0099_Sequence_1TransformStatus = OK
Seq_Frame0099_Timestamp = 2.79
Seq_Frame0100_Sequence_1Transform =0.39947 0.870417 -0.287747 54.1221 -0.909687 0.337485 -0.24202 25.5941 -0.113548 0.35844 0.926622 0.725559 0 0 0 1 
Seq_Frame0100_Sequence_1TransformStatus = OK
Seq_Frame0100_Timestamp = 2.818
Seq_Frame0101_Sequence_1Transform =0.39947 0.870417 -0.287747 54.1221 -0.909687 0.337485 -0.24202 25.5941 -0.113548 0.35844 0.926622 0.725559 0 0 0 1 
Seq_Frame0101_Sequence_1TransformStatus = OK
Seq_Frame0101_Timestamp = 2.852
Seq_Frame0102_Sequence_1Transform =0.39947 0.870417 -0.287747 54.1221 -0.909687 0.337485 -0.24202 25.5941 -0.113548 0.35844 0.926622 0.725559 0 0 0 1 
Seq_Frame0102_Sequence_1TransformStatus = OK
Seq_Frame0102_Timestamp = 2.853
Seq_Frame0103_Sequence_1Transform =0.39947 0.870417 -0.287747 54.1221 -0.909687 0.337485 -0.24202 25.5941 -0.113548 0.35844 0.926622 0.725559 0 0 0 1 
Seq_Frame0103_Sequence_1TransformStatus = OK
Seq_Frame0103_Timestamp = 2.892
Seq_Frame0104_Sequence_1Transform =0.398173 0.813815 -0.423277 92.0852 -0.916035 0.328431 -0.230247 37.6325 -0.0483611 0.479414 0.876255 21.8505 0 0 0 1 
Seq_Frame0104_Sequence_1TransformStatus = OK
Seq_Frame0104_Timestamp = 2.927
Seq_Frame0105_Sequence_1Transform =0.398173 0.813815 -0.423277 92.0852 -0.916035 0.328431 -0.230247 37.6325 -0.0483611 0.479414 0.876255 21.8505 0 0 0 1 
Seq_Frame0105_Sequence_1TransformStatus = OK
Seq_Frame0105_Timestamp = 2.929
Seq_Frame0106_Sequence_1Transform =0.425002 0.801802 -0.420104 93.5069 -0.902873 0.342291 -0.26011 41.7297 -0.0647592 0.489848 0.8694 25.6066 0 0 0 1 
Seq_Frame0106_Sequence_1TransformStatus = OK
Seq_Frame0106_Timestamp = 2.953
Seq_Frame0107_Sequence_1Transform =0.425002 0.801802 -0.420104 93.5069 -0.902873 0.342291 -0.26011 41.7297 -0.0647592 0.489848 0.8694 25.6066 0 0 0 1 
Seq_Frame0107_Sequence_1TransformStatus = OK
Seq_Frame0107_Timestamp = 2.954
Seq_Frame0108_Sequence_1Transform =0.431297 0.805903 -0.40559 95.917 -0.898033 0.340265 -0.278848 44.3283 -0.0867164 0.4845 0.870483 28.5998 0 0 0 1 
Seq_Frame0108_Sequence_1TransformStatus = OK
Seq_Frame0108_Timestamp = 3.004
Seq_Frame0109_Sequence_1Transform =0.441894 0.81488 -0.3751 96.3329 -0.891316 0.351564 -0.286284 48.0073 -0.101416 0.46084 0.88167 29.0689 0 0 0 1 
Seq_Frame0109_Sequence_1TransformStatus = OK
Seq_Frame0109_Timestamp = 3.021
Seq_Frame0110_Sequence_1Transform =0.439017 0.802011 -0.405022 98.1832 -0.896064 0.357801 -0.262769 49.9126 -0.0658265 0.478286 0.875734 28.6068 0 0 0 1 
Seq_Frame0110_Sequence_1TransformStatus = OK
Seq_Frame0110_Timestamp = 3.053
Seq_Frame0111_Sequence_1Transform =0.431956 0.770751 -0.468356 100.691 -0.901893 0.368315 -0.225681 50.5578 -0.00144128 0.519891 0.854231 26.9598 0 0 0 1 
Seq_Frame0111_Sequence_1TransformStatus = OK
Seq_Frame0111_Timestamp = 3.094
Seq_Frame0112_Sequence_1Transform =0.431956 0.770751 -0.468356 100.691 -0.901893 0.368315 -0.225681 50.5578 -0.00144128 0.519891 0.854231 26.9598 0 0 0 1 
Seq_Frame0112_Sequence_1TransformStatus = OK
Seq_Frame0112_Timestamp = 3.095
Seq_Frame0113_Sequence_1Transform =0.456186 0.763333 -0.457403 98.0351 -0.889849 0.3959 -0.226787 51.7928 0.00797217 0.510477 0.859855 26.0181 0 0 0 1 
Seq_Frame0113_Sequence_1TransformStatus = OK
Seq_Frame0113_Timestamp = 3.129
Seq_Frame0114_Sequence_1Transform =0.476621 0.760246 -0.441427 95.3715 -0.87909 0.408918 -0.244921 53.1011 -0.00569227 0.504789 0.863224 26.5371 0 0 0 1 
Seq_Frame0114_Sequence_1TransformStatus = OK
Seq_Frame0114_Timestamp = 3.153
Seq_Frame0115_Sequence_1Transform =0.488974 0.76326 -0.422302 93.5692 -0.872053 0.416239 -0.257428 53.4378 -0.0207063 0.494145 0.869133 26.7915 0 0 0 1 
Seq_Frame0115_Sequence_1TransformStatus = OK
Seq_Frame0115_Timestamp = 3.193
Seq_Frame0116_Sequence_1Transform =0.482357 0.776579 -0.405286 93.4313 -0.875412 0.410758 -0.254818 52.6486 -0.0314115 0.477706 0.877958 26.8131 0 0 0 1 
Seq_Frame0116_Sequence_1TransformStatus = OK
Seq_Frame0116_Timestamp = 3.24
Seq_Frame0117_Sequence_1Transform =0.479661 0.77627 -0.409061 94.0062 -0.876969 0.408623 -0.252887 51.9603 -0.0291573 0.480034 0.876765 27.5285 0 0 0 1 
Seq_Frame0117_Sequence_1TransformStatus = OK
Seq_Frame0117_Timestamp = 3.258
Seq_Frame0118_Sequence_1Transform =0.477484 0.767286 -0.428114 95.411 -0.878216 0.401626 -0.25968 51.9363 -0.0273069 0.49997 0.865612 29.6713 0 0 0 1 
Seq_Frame0118_Sequence_1TransformStatus = OK
Seq_Frame0118_Timestamp = 3.293
Seq_Frame0119_Sequence_1Transform =0.466221 0.761344 -0.450548 97.2003 -0.884344 0.387293 -0.260651 50.6184 -0.0239508 0.519961 0.853854 32.9588 0 0 0 1 
Seq_Frame0119_Sequence_1TransformStatus = OK
Seq_Frame0119_Timestamp = 3.34
Seq_Frame0120_Sequence_1Transform =0.466221 0.761344 -0.450548 97.2003 -0.884344 0.387293 -0.260651 50.6184 -0.0239508 0.519961 0.853854 32.9588 0 0 0 1 
Seq_Frame0120_Sequence_1TransformStatus = OK
Seq_Frame0120_Timestamp = 3.341
Seq_Frame0121_Sequence_1Transform =0.453469 0.761217 -0.463589 98.3422 -0.891013 0.374652 -0.256381 49.4035 -0.0214771 0.529325 0.848147 34.9998 0 0 0 1 
Seq_Frame0121_Sequence_1TransformStatus = OK
Seq_Frame0121_Timestamp = 3.371
Seq_Frame0122_Sequence_1Transform =0.453469 0.761217 -0.463589 98.3422 -0.891013 0.374652 -0.256381 49.4035 -0.0214771 0.529325 0.848147 34.9998 0 0 0 1 
Seq_Frame0122_Sequence_1TransformStatus = OK
Seq_Frame0122_Timestamp = 3.373
Seq_Frame0123_Sequence_1Transform =0.44664 0.761441 -0.469809 98.5219 -0.894505 0.368681 -0.252853 49.0496 -0.0193227 0.533181 0.84578 35.8303 0 0 0 1 
Seq_Frame0123_Sequence_1TransformStatus = OK
Seq_Frame0123_Timestamp = 3.406
Seq_Frame0124_Sequence_1Transform =0.44723 0.758254 -0.474379 97.6589 -0.894267 0.369295 -0.252801 48.5631 -0.0165016 0.537282 0.843241 36.6927 0 0 0 1 
Seq_Frame0124_Sequence_1TransformStatus = OK
Seq_Frame0124_Timestamp = 3.455
Seq_Frame0125_Sequence_1Transform =0.450678 0.752171 -0.480759 96.6471 -0.892516 0.369146 -0.259125 48.8095 -0.0174356 0.545867 0.837691 37.6352 0 0 0 1 
Seq_Frame0125_Sequence_1TransformStatus = OK
Seq_Frame0125_Timestamp = 3.466
Seq_Frame0126_Sequence_1Transform =0.448498 0.751874 -0.483254 96.5267 -0.893522 0.36409 -0.262787 48.2719 -0.0216342 0.549658 0.83511 36.8516 0 0 0 1 
Seq_Frame0126_Sequence_1TransformStatus = OK
Seq_Frame0126_Timestamp = 3.493
Seq_Frame0127_Sequence_1Transform =0.448498 0.751874 -0.483254 96.5267 -0.893522 0.36409 -0.262787 48.2719 -0.0216342 0.549658 0.83511 36.8516 0 0 0 1 
Seq_Frame0127_Sequence_1TransformStatus = OK
Seq_Frame0127_Timestamp = 3.494
Seq_Frame0128_Sequence_1Transform =0.432439 0.759401 -0.486114 97.8162 -0.901364 0.350204 -0.254753 46.6681 -0.0232207 0.548331 0.835939 35.694 0 0 0 1 
Seq_Frame0128_Sequence_1TransformStatus = OK
Seq_Frame0128_Timestamp = 3.545
Seq_Frame0129_Sequence_1Transform =0.433908 0.756635 -0.489109 97.4392 -0.900777 0.353485 -0.252286 47.6991 -0.0179962 0.550047 0.83494 35.2554 0 0 0 1 
Seq_Frame0129_Sequence_1TransformStatus = OK
Seq_Frame0129_Timestamp = 3.571
Seq_Frame0130_Sequence_1Transform =0.446293 0.747821 -0.491514 95.2709 -0.894842 0.367426 -0.253488 49.6971 -0.00896821 0.552957 0.833161 34.9456 0 0 0 1 
Seq_Frame0130_Sequence_1TransformStatus = OK
Seq_Frame0130_Timestamp = 3.595
Seq_Frame0131_Sequence_1Transform =0.466796 0.744146 -0.477858 91.518 -0.884248 0.383965 -0.265849 51.0201 -0.0143497 0.546643 0.837243 33.9772 0 0 0 1 
Seq_Frame0131_Sequence_1TransformStatus = OK
Seq_Frame0131_Timestamp = 3.629
Seq_Frame0132_Sequence_1Transform =0.479481 0.742699 -0.467435 88.922 -0.877249 0.39165 -0.27757 51.7636 -0.02308 0.543147 0.839321 33.8195 0 0 0 1 
Seq_Frame0132_Sequence_1TransformStatus = OK
Seq_Frame0132_Timestamp = 3.68
Seq_Frame0133_Sequence_1Transform =0.479302 0.738294 -0.474543 88.4743 -0.877611 0.398087 -0.267067 51.3549 -0.00826485 0.54447 0.838739 33.2455 0 0 0 1 
Seq_Frame0133_Sequence_1TransformStatus = OK
Seq_Frame0133_Timestamp = 3.704
Seq_Frame0134_Sequence_1Transform =0.456391 0.745751 -0.485347 90.6985 -0.889779 0.382298 -0.249282 49.5932 -0.000355144 0.545622 0.838031 32.6495 0 0 0 1 
Seq_Frame0134_Sequence_1TransformStatus = OK
Seq_Frame0134_Timestamp = 3.729
Seq_Frame0135_Sequence_1Transform =0.437892 0.74892 -0.497363 92.2465 -0.899016 0.367548 -0.238071 48.6388 0.00450866 0.551387 0.834238 32.4852 0 0 0 1 
Seq_Frame0135_Sequence_1TransformStatus = OK
Seq_Frame0135_Timestamp = 3.779
Seq_Frame0136_Sequence_1Transform =0.437892 0.74892 -0.497363 92.2465 -0.899016 0.367548 -0.238071 48.6388 0.00450866 0.551387 0.834238 32.4852 0 0 0 1 
Seq_Frame0136_Sequence_1TransformStatus = OK
Seq_Frame0136_Timestamp = 3.781
Seq_Frame0137_Sequence_1Transform =0.428934 0.752828 -0.499266 92.212 -0.903334 0.356281 -0.238855 48.3702 -0.00193756 0.553456 0.832876 33.1298 0 0 0 1 
Seq_Frame0137_Sequence_1TransformStatus = OK
Seq_Frame0137_Timestamp = 3.805
Seq_Frame0138_Sequence_1Transform =0.425263 0.75325 -0.501763 91.8029 -0.905031 0.348791 -0.24344 47.7709 -0.00836091 0.557637 0.830043 34.6007 0 0 0 1 
Seq_Frame0138_Sequence_1TransformStatus = OK
Seq_Frame0138_Timestamp = 3.828
Seq_Frame0139_Sequence_1Transform =0.425263 0.75325 -0.501763 91.8029 -0.905031 0.348791 -0.24344 47.7709 -0.00836091 0.557637 0.830043 34.6007 0 0 0 1 
Seq_Frame0139_Sequence_1TransformStatus = OK
Seq_Frame0139_Timestamp = 3.829
Seq_Frame0140_Sequence_1Transform =0.416174 0.751434 -0.512002 92.8344 -0.909217 0.337 -0.24445 46.9853 -0.0111433 0.567254 0.823467 36.8516 0 0 0 1 
Seq_Frame0140_Sequence_1TransformStatus = OK
Seq_Frame0140_Timestamp = 3.863
Seq_Frame0141_Sequence_1Transform =0.402905 0.75785 -0.513158 94.1261 -0.91497 0.31984 -0.246034 46.7131 -0.0223281 0.568652 0.822275 38.8168 0 0 0 1 
Seq_Frame0141_Sequence_1TransformStatus = OK
Seq_Frame0141_Timestamp = 3.912
Seq_Frame0142_Sequence_1Transform =0.400343 0.766657 -0.501958 93.5536 -0.915474 0.310463 -0.255968 46.5795 -0.0404001 0.562004 0.826147 39.3322 0 0 0 1 
Seq_Frame0142_Sequence_1TransformStatus = OK
Seq_Frame0142_Timestamp = 3.938
Seq_Frame0143_Sequence_1Transform =0.405231 0.767262 -0.497088 92.6938 -0.912613 0.307331 -0.269601 46.671 -0.0540839 0.5629 0.824754 40.6802 0 0 0 1 
Seq_Frame0143_Sequence_1TransformStatus = OK
Seq_Frame0143_Timestamp = 3.963
Seq_Frame0144_Sequence_1Transform =0.415395 0.765605 -0.491219 91.9873 -0.907773 0.314308 -0.277775 47.4886 -0.0582715 0.561301 0.825558 41.3318 0 0 0 1 
Seq_Frame0144_Sequence_1TransformStatus = OK
Seq_Frame0144_Timestamp = 4.023
Seq_Frame0145_Sequence_1Transform =0.422997 0.762592 -0.489414 91.8596 -0.90382 0.316537 -0.287946 48.2846 -0.0646674 0.564143 0.823141 41.9041 0 0 0 1 
Seq_Frame0145_Sequence_1TransformStatus = OK
Seq_Frame0145_Timestamp = 4.063
Seq_Frame0146_Sequence_1Transform =0.43312 0.757495 -0.488476 90.8123 -0.898976 0.323853 -0.294892 49.6991 -0.0651848 0.566851 0.821237 41.738 0 0 0 1 
Seq_Frame0146_Sequence_1TransformStatus = OK
Seq_Frame0146_Timestamp = 4.098
Seq_Frame0147_Sequence_1Transform =0.446675 0.748611 -0.489962 89.3414 -0.893176 0.341193 -0.292958 51.1097 -0.0521401 0.568479 0.821044 40.7793 0 0 0 1 
Seq_Frame0147_Sequence_1TransformStatus = OK
Seq_Frame0147_Timestamp = 4.147
Seq_Frame0148_Sequence_1Transform =0.446675 0.748611 -0.489962 89.3414 -0.893176 0.341193 -0.292958 51.1097 -0.0521401 0.568479 0.821044 40.7793 0 0 0 1 
Seq_Frame0148_Sequence_1TransformStatus = OK
Seq_Frame0148_Timestamp = 4.149
Seq_Frame0149_Sequence_1Transform =0.456002 0.744275 -0.487972 88.2427 -0.888877 0.353599 -0.291317 52.0608 -0.0442735 0.566588 0.822811 39.3301 0 0 0 1 
Seq_Frame0149_Sequence_1TransformStatus = OK
Seq_Frame0149_Timestamp = 4.171
Seq_Frame0150_Sequence_1Transform =0.461626 0.741726 -0.486563 87.7206 -0.88615 0.360548 -0.291107 52.5388 -0.0404918 0.56555 0.823719 38.0583 0 0 0 1 
Seq_Frame0150_Sequence_1TransformStatus = OK
Seq_Frame0150_Timestamp = 4.2
Seq_Frame0151_Sequence_1Transform =0.46367 0.739281 -0.488337 87.681 -0.885127 0.36192 -0.292514 52.6384 -0.0395114 0.567871 0.822169 37.6378 0 0 0 1 
Seq_Frame0151_Sequence_1TransformStatus = OK
Seq_Frame0151_Timestamp = 4.246
Seq_Frame0152_Sequence_1Transform =0.464015 0.736354 -0.492415 87.8536 -0.88502 0.361645 -0.293175 52.1141 -0.0378014 0.571835 0.819497 37.4845 0 0 0 1 
Seq_Frame0152_Sequence_1TransformStatus = OK
Seq_Frame0152_Timestamp = 4.271
Seq_Frame0153_Sequence_1Transform =0.468909 0.733794 -0.491601 87.2506 -0.882472 0.365916 -0.295549 51.992 -0.0369873 0.572409 0.819134 37.1662 0 0 0 1 
Seq_Frame0153_Sequence_1TransformStatus = OK
Seq_Frame0153_Timestamp = 4.298
Seq_Frame0154_Sequence_1Transform =0.474739 0.730009 -0.49164 86.4112 -0.879418 0.371044 -0.298245 52.1752 -0.0353016 0.573946 0.818132 37.0475 0 0 0 1 
Seq_Frame0154_Sequence_1TransformStatus = OK
Seq_Frame0154_Timestamp = 4.344
Seq_Frame0155_Sequence_1Transform =0.471341 0.731305 -0.492981 86.6152 -0.881093 0.365799 -0.299778 51.9212 -0.0388972 0.575659 0.816764 37.0789 0 0 0 1 
Seq_Frame0155_Sequence_1TransformStatus = OK
Seq_Frame0155_Timestamp = 4.371
Seq_Frame0156_Sequence_1Transform =0.46758 0.729455 -0.499264 87.3932 -0.882885 0.357664 -0.304286 51.593 -0.0433941 0.583071 0.811261 37.6132 0 0 0 1 
Seq_Frame0156_Sequence_1TransformStatus = OK
Seq_Frame0156_Timestamp = 4.399
Seq_Frame0157_Sequence_1Transform =0.467382 0.729292 -0.499687 87.6141 -0.882304 0.349233 -0.315558 51.7398 -0.055627 0.588362 0.806682 38.5111 0 0 0 1 
Seq_Frame0157_Sequence_1TransformStatus = OK
Seq_Frame0157_Timestamp = 4.445
Seq_Frame0158_Sequence_1Transform =0.465963 0.727867 -0.503078 87.8167 -0.882943 0.34565 -0.317708 51.5924 -0.0573602 0.592229 0.803726 38.3841 0 0 0 1 
Seq_Frame0158_Sequence_1TransformStatus = OK
Seq_Frame0158_Timestamp = 4.472
Seq_Frame0159_Sequence_1Transform =0.462435 0.729948 -0.503319 88.1956 -0.884585 0.341068 -0.318091 51.2947 -0.0605239 0.592325 0.803423 38.4098 0 0 0 1 
Seq_Frame0159_Sequence_1TransformStatus = OK
Seq_Frame0159_Timestamp = 4.497
Seq_Frame0160_Sequence_1Transform =0.461417 0.729046 -0.505555 88.3198 -0.885294 0.34119 -0.315982 51.0886 -0.0578751 0.593364 0.802851 38.4365 0 0 0 1 
Seq_Frame0160_Sequence_1TransformStatus = OK
Seq_Frame0160_Timestamp = 4.529
Seq_Frame0161_Sequence_1Transform =0.462247 0.725573 -0.509775 88.1514 -0.885146 0.342975 -0.314458 50.9325 -0.0533224 0.596583 0.800778 38.2588 0 0 0 1 
Seq_Frame0161_Sequence_1TransformStatus = OK
Seq_Frame0161_Timestamp = 4.578
Seq_Frame0162_Sequence_1Transform =0.461255 0.726768 -0.508971 88.1325 -0.88557 0.341635 -0.314723 50.9593 -0.0548491 0.595897 0.801185 38.3273 0 0 0 1 
Seq_Frame0162_Sequence_1TransformStatus = OK
Seq_Frame0162_Timestamp = 4.604
Seq_Frame0163_Sequence_1Transform =0.461476 0.727909 -0.507138 87.9844 -0.885492 0.342968 -0.313492 50.8714 -0.054262 0.593735 0.802829 38.2389 0 0 0 1 
Seq_Frame0163_Sequence_1TransformStatus = OK
Seq_Frame0163_Timestamp = 4.63
Seq_Frame0164_Sequence_1Transform =0.461981 0.731513 -0.501459 87.7068 -0.885139 0.344779 -0.312501 51.0203 -0.055706 0.588231 0.806772 37.954 0 0 0 1 
Seq_Frame0164_Sequence_1TransformStatus = OK
Seq_Frame0164_Timestamp = 4.681
Seq_Frame0165_Sequence_1Transform =0.461668 0.735984 -0.495167 87.4951 -0.885096 0.345138 -0.312226 51.2918 -0.0588921 0.582415 0.810755 37.7967 0 0 0 1 
Seq_Frame0165_Sequence_1TransformStatus = OK
Seq_Frame0165_Timestamp = 4.705
Seq_Frame0166_Sequence_1Transform =0.461909 0.738315 -0.491457 87.314 -0.884991 0.347077 -0.310369 51.7369 -0.058577 0.578298 0.81372 37.4168 0 0 0 1 
Seq_Frame0166_Sequence_1TransformStatus = OK
Seq_Frame0166_Timestamp = 4.73
Seq_Frame0167_Sequence_1Transform =0.462473 0.74498 -0.480753 86.7958 -0.884458 0.349672 -0.308973 52.4189 -0.0620728 0.568098 0.820617 36.9167 0 0 0 1 
Seq_Frame0167_Sequence_1TransformStatus = OK
Seq_Frame0167_Timestamp = 4.768
Seq_Frame0168_Sequence_1Transform =0.462697 0.755619 -0.463629 85.9929 -0.883934 0.35334 -0.306287 53.1709 -0.0676175 0.551535 0.831407 36.3204 0 0 0 1 
Seq_Frame0168_Sequence_1TransformStatus = OK
Seq_Frame0168_Timestamp = 4.812
Seq_Frame0169_Sequence_1Transform =0.464813 0.759509 -0.455077 85.3806 -0.882643 0.356881 -0.305904 53.8137 -0.0699283 0.543859 0.836258 36.066 0 0 0 1 
Seq_Frame0169_Sequence_1TransformStatus = OK
Seq_Frame0169_Timestamp = 4.838
Seq_Frame0170_Sequence_1Transform =0.462218 0.762071 -0.453434 85.5473 -0.883807 0.354155 -0.305711 54.0323 -0.0723872 0.542053 0.837221 36.3639 0 0 0 1 
Seq_Frame0170_Sequence_1TransformStatus = OK
Seq_Frame0170_Timestamp = 4.872
Seq_Frame0171_Sequence_1Transform =0.457853 0.765539 -0.452019 86.034 -0.885597 0.348105 -0.307475 54.1349 -0.0780343 0.541085 0.83734 36.9752 0 0 0 1 
Seq_Frame0171_Sequence_1TransformStatus = OK
Seq_Frame0171_Timestamp = 4.912
Seq_Frame0172_Sequence_1Transform =0.453349 0.769612 -0.449634 86.5236 -0.887056 0.340202 -0.312082 54.4513 -0.0872159 0.540333 0.836919 37.6977 0 0 0 1 
Seq_Frame0172_Sequence_1TransformStatus = OK
Seq_Frame0172_Timestamp = 4.927
